SAMPLE:   0.001052  -0.203447    0.000000    0.041391
SAMPLE:   0.001208   0.409522    2.249959    5.230026
SAMPLE:   0.001011   2.613394    0.333205    6.940855
SAMPLE:   0.000144  -2.318926    0.009530    5.377510
SAMPLE:  -0.000316   2.525270   -2.016397   10.442845
SAMPLE:  -0.000122  -1.671329    1.298959    4.480636
SAMPLE:   0.000319   1.253714    1.221862    3.064745
SAMPLE:   0.000400   0.411474   -2.034806    4.309748
SAMPLE:   0.000988  -0.510229   -0.540675    0.552663
SAMPLE:   0.001849  -0.586146   -0.486386    0.580139
SAMPLE:   0.000458  -0.098950    4.186103   17.533247
SAMPLE:  -0.000064   0.055896    0.752681    0.569653
SAMPLE:  -0.000889  -0.265882    0.418017    0.245431
SAMPLE:  -0.001116  -0.497864    0.144000    0.268604
SAMPLE:  -0.000948   0.364574    0.717082    0.647121
SAMPLE:  -0.001481  -0.946276   -0.946753    1.791779
SAMPLE:  -0.001488  -0.634599    0.346764    0.522962
SAMPLE:  -0.002349   0.124423   -0.402812    0.177738
SAMPLE:  -0.002694   0.082885   -0.054472    0.009837
SAMPLE:  -0.003397  -0.055815    0.384203    0.150727
SAMPLE:  -0.001246   0.148312   -0.914318    0.857974
SAMPLE:  -0.001436   0.004140   -0.318636    0.101546
SAMPLE:  -0.001297  -0.060730   -0.427947    0.186827
SAMPLE:   0.000034  -0.173908    0.011202    0.030369
SAMPLE:   0.001563   0.002193   -0.259471    0.067330
SAMPLE:   0.004650  -0.084363    0.208309    0.050510
SAMPLE:   0.006584  -0.049461   -0.000068    0.002446
SAMPLE:   0.007428  -0.018823   -0.070865    0.005376
SAMPLE:   0.010015  -0.033760    0.051891    0.003832
SAMPLE:   0.012600  -0.000116   -0.024654    0.000608
SAMPLE:   0.013839  -0.065074   -0.039769    0.005816
SAMPLE:   0.015029  -0.040567   -0.030447    0.002573
SAMPLE:   0.017007  -0.014547   -0.053931    0.003120
SAMPLE:   0.018830   0.025776   -0.023315    0.001208
SAMPLE:   0.019601  -0.018889   -0.131051    0.017531
SAMPLE:   0.018764   0.053349    0.176466    0.033986
SAMPLE:   0.020471  -0.000826    0.033032    0.001092
SAMPLE:   0.019312  -0.032419    0.013875    0.001243
SAMPLE:   0.018125   0.004685    0.010357    0.000129
SAMPLE:   0.017996   0.076191   -0.012214    0.005954
SAMPLE:   0.015967   0.018739   -0.028971    0.001191
SAMPLE:   0.015901  -0.034336   -0.011343    0.001308
SAMPLE:   0.013555  -0.007943   -0.041837    0.001813
SAMPLE:   0.012174  -0.033401   -0.015323    0.001350
SAMPLE:   0.012157  -0.007905   -0.008976    0.000143
SAMPLE:   0.009397  -0.004060    0.025094    0.000646
SAMPLE:   0.008080  -0.014562    0.004662    0.000234
SAMPLE:   0.007183   0.012926   -0.008942    0.000247
SAMPLE:   0.004688  -0.007018   -0.030724    0.000993
SAMPLE:   0.003639   0.007970   -0.009020    0.000145
SAMPLE:   0.000592   0.004363   -0.022369    0.000519
SAMPLE:  -0.001414   0.006163    0.022875    0.000561
SAMPLE:  -0.001357   0.006629   -0.007907    0.000106
SAMPLE:  -0.003665   0.000457   -0.002386    0.000006
SAMPLE:  -0.005514   0.003389   -0.012310    0.000163
SAMPLE:  -0.004294  -0.009361   -0.000696    0.000088
SAMPLE:  -0.004535   0.009711   -0.013200    0.000269
SAMPLE:  -0.005731  -0.029093   -0.006925    0.000894
SAMPLE:  -0.005830  -0.026735   -0.036207    0.002026
SAMPLE:  -0.006035  -0.012328   -0.000628    0.000152
SAMPLE:  -0.006441   0.006173    0.015268    0.000271
SAMPLE:  -0.007164   0.005062   -0.023225    0.000565
SAMPLE:  -0.007888   0.021476    0.003974    0.000477
SAMPLE:  -0.011389  -0.003111    0.008895    0.000089
SAMPLE:  -0.009983   0.019390   -0.004186    0.000393
SAMPLE:  -0.013812   0.007016   -0.041722    0.001790
SAMPLE:  -0.013896   0.014893    0.002254    0.000227
SAMPLE:  -0.015855   0.003592   -0.002997    0.000022
SAMPLE:  -0.018902  -0.033039   -0.004829    0.001115
SAMPLE:  -0.020741   0.018808    0.003750    0.000368
SAMPLE:  -0.023051  -0.002937   -0.021230    0.000459
SAMPLE:  -0.024428   0.014611   -0.010979    0.000334
SAMPLE:  -0.025120   0.019643    0.006273    0.000425
SAMPLE:  -0.024025   0.001910   -0.034122    0.001168
SAMPLE:  -0.025131  -0.010277   -0.021287    0.000559
SAMPLE:  -0.022879  -0.004382   -0.025396    0.000664
SAMPLE:  -0.021403   0.029094   -0.006830    0.000893
SAMPLE:  -0.021513   0.010132    0.002553    0.000109
SAMPLE:  -0.019405  -0.000320   -0.032008    0.001025
SAMPLE:  -0.018090  -0.004799   -0.003776    0.000037
SAMPLE:  -0.016465   0.014315   -0.005908    0.000240
SAMPLE:  -0.013876   0.018367   -0.010116    0.000440
SAMPLE:  -0.010695   0.020310    0.012546    0.000570
SAMPLE:  -0.008389  -0.013610   -0.033036    0.001277
SAMPLE:  -0.005504   0.001751   -0.011613    0.000138
SAMPLE:  -0.001691   0.008195    0.014780    0.000286
SAMPLE:   0.000870  -0.007602   -0.010594    0.000170
SAMPLE:   0.005599   0.006375    0.012882    0.000207
SAMPLE:   0.007840  -0.000871   -0.029096    0.000847
SAMPLE:   0.010632   0.019269   -0.007655    0.000430
SAMPLE:   0.014119  -0.002666   -0.020317    0.000420
SAMPLE:   0.014879   0.011717   -0.023831    0.000705
SAMPLE:   0.017073  -0.006596    0.008730    0.000120
SAMPLE:   0.018920  -0.001216   -0.016817    0.000284
SAMPLE:   0.019481   0.009809   -0.005636    0.000128
SAMPLE:   0.018868  -0.013693   -0.019943    0.000585
SAMPLE:   0.020071   0.011141    0.013408    0.000304
SAMPLE:   0.018751   0.006453   -0.020810    0.000475
SAMPLE:   0.017419  -0.006344   -0.016952    0.000328
SAMPLE:   0.015830  -0.000489    0.004864    0.000024
SAMPLE:   0.016048   0.000134    0.006169    0.000038
SAMPLE:   0.013902   0.008057   -0.021270    0.000517
SAMPLE:   0.013598   0.006260    0.008317    0.000108
SAMPLE:   0.010655  -0.024441   -0.009644    0.000690
SAMPLE:   0.008721  -0.006756    0.016057    0.000303
SAMPLE:   0.007755  -0.004635    0.001392    0.000023
SAMPLE:   0.004113  -0.010390    0.000580    0.000108
SAMPLE:   0.003039   0.004641   -0.004998    0.000047
SAMPLE:   0.002417  -0.015575    0.014049    0.000440
SAMPLE:   0.000155  -0.013884   -0.013236    0.000368
SAMPLE:  -0.001378  -0.005091   -0.010252    0.000131
SAMPLE:  -0.004505   0.006058    0.000997    0.000038
SAMPLE:  -0.005635   0.006702   -0.002231    0.000050
SAMPLE:  -0.007042  -0.013266   -0.028134    0.000968
SAMPLE:  -0.008599  -0.005705    0.010771    0.000149
SAMPLE:  -0.011188  -0.002906    0.013855    0.000200
SAMPLE:  -0.012765   0.017716   -0.016784    0.000596
SAMPLE:  -0.013643   0.004294   -0.003421    0.000030
SAMPLE:  -0.015318   0.008653   -0.004435    0.000095
SAMPLE:  -0.016645   0.005791   -0.003187    0.000044
SAMPLE:  -0.019680  -0.021909   -0.012784    0.000643
SAMPLE:  -0.022804   0.010341   -0.009499    0.000197
SAMPLE:  -0.024274   0.013813   -0.020626    0.000616
SAMPLE:  -0.024723   0.000748   -0.003240    0.000011
SAMPLE:  -0.026733  -0.012459   -0.004806    0.000178
SAMPLE:  -0.028866   0.021693   -0.018099    0.000798
SAMPLE:  -0.031218   0.001657   -0.004934    0.000027
SAMPLE:  -0.031808   0.014862   -0.004727    0.000243
SAMPLE:  -0.034455   0.007968   -0.013578    0.000248
SAMPLE:  -0.035669  -0.005066   -0.013046    0.000196
SAMPLE:  -0.036672  -0.007778    0.000911    0.000061
SAMPLE:  -0.039448  -0.002879   -0.007821    0.000069
SAMPLE:  -0.038116   0.021578   -0.015383    0.000702
SAMPLE:  -0.041832  -0.019934    0.008947    0.000477
SAMPLE:  -0.043182  -0.004774   -0.015585    0.000266
SAMPLE:  -0.042397  -0.028225   -0.007259    0.000849
SAMPLE:  -0.042929   0.018178   -0.008998    0.000411
SAMPLE:  -0.043789   0.020021   -0.012677    0.000562
SAMPLE:  -0.044293   0.044053    0.002243    0.001946
SAMPLE:  -0.042210  -0.009683    0.008229    0.000161
SAMPLE:  -0.041646   0.008230    0.016710    0.000347
SAMPLE:  -0.041360  -0.005870    0.003895    0.000050
SAMPLE:  -0.041554   0.019733    0.000625    0.000390
SAMPLE:  -0.039232  -0.001381   -0.008355    0.000072
SAMPLE:  -0.037990   0.000035    0.001434    0.000002
SAMPLE:  -0.036869  -0.007043    0.000752    0.000050
SAMPLE:  -0.035146   0.008687    0.019514    0.000456
SAMPLE:  -0.030868  -0.002561   -0.015890    0.000259
SAMPLE:  -0.028341  -0.006122   -0.006868    0.000085
SAMPLE:  -0.026480   0.016326   -0.018676    0.000615
SAMPLE:  -0.024011   0.015178    0.010976    0.000351
SAMPLE:  -0.021743   0.005084   -0.030101    0.000932
SAMPLE:  -0.019759  -0.005920   -0.019178    0.000403
SAMPLE:  -0.018879  -0.017795   -0.008123    0.000383
SAMPLE:  -0.014381   0.017641   -0.003969    0.000327
SAMPLE:  -0.011813  -0.000472    0.000035    0.000000
SAMPLE:  -0.010054  -0.013088   -0.016876    0.000456
SAMPLE:  -0.008078  -0.016409    0.010106    0.000371
SAMPLE:  -0.005320  -0.002909    0.007584    0.000066
SAMPLE:  -0.003743  -0.010992    0.028726    0.000946
SAMPLE:  -0.000423   0.021410   -0.026593    0.001166
SAMPLE:   0.002348  -0.005000    0.016004    0.000281
SAMPLE:   0.003305   0.002597   -0.002119    0.000011
SAMPLE:   0.005984   0.008416    0.013517    0.000254
SAMPLE:   0.007538  -0.016693   -0.008423    0.000350
SAMPLE:   0.009380  -0.017425   -0.016601    0.000579
SAMPLE:   0.011851   0.018405    0.000801    0.000339
SAMPLE:   0.013448   0.001602   -0.007630    0.000061
SAMPLE:   0.014023   0.004012   -0.007845    0.000078
SAMPLE:   0.014182  -0.011303   -0.004639    0.000149
SAMPLE:   0.015101   0.002017   -0.011070    0.000127
SAMPLE:   0.014617  -0.007812    0.029727    0.000945
SAMPLE:   0.015625   0.002795   -0.017917    0.000329
SAMPLE:   0.015108  -0.010080    0.002138    0.000106
SAMPLE:   0.013663   0.004379    0.003798    0.000034
SAMPLE:   0.013292  -0.017708   -0.000685    0.000314
SAMPLE:   0.012393   0.005343   -0.026467    0.000729
SAMPLE:   0.011567  -0.004270   -0.006106    0.000056
SAMPLE:   0.011704  -0.006949   -0.001091    0.000049
SAMPLE:   0.009812   0.006099    0.004145    0.000054
SAMPLE:   0.009390  -0.005870   -0.005032    0.000060
SAMPLE:   0.007483   0.021740    0.005578    0.000504
SAMPLE:   0.005917  -0.007354    0.000823    0.000055
SAMPLE:   0.004137   0.005234   -0.013320    0.000205
SAMPLE:   0.000285  -0.004379    0.007060    0.000069
SAMPLE:  -0.001570   0.000989   -0.019849    0.000395
SAMPLE:  -0.005688  -0.007167   -0.005472    0.000081
SAMPLE:  -0.006456   0.021167   -0.017289    0.000747
SAMPLE:  -0.010131  -0.012908   -0.018810    0.000520
SAMPLE:  -0.013541   0.002048    0.008691    0.000080
SAMPLE:  -0.017045  -0.003457   -0.019501    0.000392
SAMPLE:  -0.019188   0.005247   -0.007127    0.000078
SAMPLE:  -0.019665   0.013629   -0.019916    0.000582
SAMPLE:  -0.022572  -0.020050    0.008371    0.000472
SAMPLE:  -0.023919   0.022660   -0.009659    0.000607
SAMPLE:  -0.024437   0.018322   -0.012642    0.000496
SAMPLE:  -0.023303  -0.003325   -0.000708    0.000012
SAMPLE:  -0.022509   0.011888   -0.015726    0.000389
SAMPLE:  -0.020614   0.024803    0.007042    0.000665
SAMPLE:  -0.019076   0.018471    0.015598    0.000584
SAMPLE:  -0.019730   0.007504   -0.004955    0.000081
SAMPLE:  -0.017203  -0.011012    0.013251    0.000297
SAMPLE:  -0.014895  -0.029827   -0.011661    0.001026
SAMPLE:  -0.013952   0.010365   -0.005708    0.000140
SAMPLE:  -0.011462   0.004052    0.008374    0.000087
SAMPLE:  -0.010440   0.033809    0.023403    0.001691
SAMPLE:  -0.007660   0.028520   -0.015701    0.001060
SAMPLE:  -0.006659   0.011633    0.000707    0.000136
SAMPLE:  -0.005654   0.007351   -0.005682    0.000086
SAMPLE:  -0.004951  -0.003144   -0.011458    0.000141
SAMPLE:  -0.002852  -0.011445   -0.015795    0.000380
SAMPLE:  -0.003144   0.001101    0.005824    0.000035
SAMPLE:  -0.001830   0.007170    0.020688    0.000479
SAMPLE:  -0.001967  -0.006248   -0.001960    0.000043
SAMPLE:  -0.001471   0.012811   -0.011319    0.000292
SAMPLE:  -0.002658   0.000304   -0.017332    0.000301
SAMPLE:  -0.002053   0.031510   -0.002002    0.000997
SAMPLE:  -0.003147   0.021165    0.004118    0.000465
SAMPLE:  -0.005062   0.017193   -0.014670    0.000511
SAMPLE:  -0.006720   0.007258   -0.008309    0.000122
SAMPLE:  -0.010696   0.013453    0.002960    0.000190
SAMPLE:  -0.012668  -0.008857    0.006894    0.000126
SAMPLE:  -0.014700   0.012922   -0.001626    0.000170
SAMPLE:  -0.017917  -0.005515    0.016078    0.000289
SAMPLE:  -0.019449  -0.018858   -0.006806    0.000402
SAMPLE:  -0.021470  -0.014087   -0.005742    0.000231
SAMPLE:  -0.024639   0.002129    0.004695    0.000027
SAMPLE:  -0.027206  -0.007658    0.004370    0.000078
SAMPLE:  -0.028620   0.012285   -0.015827    0.000401
SAMPLE:  -0.031067  -0.000363    0.009486    0.000090
SAMPLE:  -0.032332   0.026428   -0.004559    0.000719
SAMPLE:  -0.033068   0.002414    0.008891    0.000085
SAMPLE:  -0.034235   0.029221    0.007873    0.000916
SAMPLE:  -0.035422   0.015677    0.011713    0.000383
SAMPLE:  -0.035702  -0.008649    0.001238    0.000076
SAMPLE:  -0.036509   0.014844   -0.011050    0.000342
SAMPLE:  -0.038697   0.011750   -0.006746    0.000184
SAMPLE:  -0.038308   0.001155   -0.010964    0.000122
SAMPLE:  -0.037594  -0.005613    0.006757    0.000077
SAMPLE:  -0.038321  -0.016173    0.011468    0.000393
SAMPLE:  -0.036352   0.008054    0.015135    0.000294
SAMPLE:  -0.034066  -0.002467   -0.014718    0.000223
SAMPLE:  -0.033695   0.013657   -0.005316    0.000215
SAMPLE:  -0.032571   0.000955    0.013847    0.000193
SAMPLE:  -0.031230   0.002056    0.026593    0.000711
SAMPLE:  -0.029033  -0.003519   -0.003681    0.000026
SAMPLE:  -0.027416   0.008272    0.010412    0.000177
SAMPLE:  -0.025040  -0.000388   -0.023343    0.000545
SAMPLE:  -0.022492  -0.000766   -0.023537    0.000555
SAMPLE:  -0.022869   0.005032    0.021185    0.000474
SAMPLE:  -0.020456   0.011476   -0.000007    0.000132
SAMPLE:  -0.019459   0.002354    0.011789    0.000145
SAMPLE:  -0.019007  -0.017338    0.007592    0.000358
SAMPLE:  -0.017766   0.025334   -0.002467    0.000648
SAMPLE:  -0.018251   0.006119    0.016967    0.000325
SAMPLE:  -0.017851  -0.006317   -0.012706    0.000201
SAMPLE:  -0.018727   0.004426    0.008396    0.000090
SAMPLE:  -0.019016   0.004477    0.000198    0.000020
SAMPLE:  -0.020330  -0.002535    0.009721    0.000101
SAMPLE:  -0.019447   0.003442    0.031059    0.000976
SAMPLE:  -0.019167   0.000922    0.015357    0.000237
SAMPLE:  -0.020262  -0.004017    0.024249    0.000604
SAMPLE:  -0.019241  -0.006121    0.010930    0.000157
SAMPLE:  -0.017707   0.012706   -0.008097    0.000227
SAMPLE:  -0.017759   0.013770   -0.009783    0.000285
SAMPLE:  -0.015851  -0.021803   -0.009680    0.000569
SAMPLE:  -0.011743   0.022642   -0.011697    0.000649
SAMPLE:  -0.009899  -0.024132    0.021380    0.001039
SAMPLE:  -0.006519   0.013962    0.011624    0.000330
SAMPLE:  -0.001052   0.003914    0.006691    0.000060
SAMPLE:   0.001278  -0.006944   -0.020951    0.000487
SAMPLE:   0.004291   0.008363    0.004386    0.000089
SAMPLE:   0.007319   0.009835    0.012836    0.000261
SAMPLE:   0.011392  -0.003855   -0.009811    0.000111
SAMPLE:   0.014847   0.008862   -0.011814    0.000218
SAMPLE:   0.019216  -0.016257    0.019105    0.000629
SAMPLE:   0.021236  -0.009805   -0.006487    0.000138
SAMPLE:   0.025148   0.006078    0.002244    0.000042
SAMPLE:   0.029513  -0.009993    0.004231    0.000118
SAMPLE:   0.032368  -0.009724    0.007538    0.000151
SAMPLE:   0.034092   0.000870    0.000712    0.000001
SAMPLE:   0.035872  -0.005730   -0.003431    0.000045
SAMPLE:   0.039982   0.009937   -0.018695    0.000448
SAMPLE:   0.040690   0.010030   -0.015109    0.000329
SAMPLE:   0.040609  -0.001848   -0.005293    0.000031
SAMPLE:   0.042331  -0.010478    0.011795    0.000249
SAMPLE:   0.044653   0.000179   -0.006883    0.000047
SAMPLE:   0.046319  -0.012844    0.015196    0.000396
SAMPLE:   0.044754  -0.003089    0.003067    0.000019
SAMPLE:   0.045460   0.002244   -0.005443    0.000035
SAMPLE:   0.044879   0.000935   -0.016314    0.000267
SAMPLE:   0.043916   0.006269    0.006019    0.000076
SAMPLE:   0.044536   0.001018    0.002014    0.000005
SAMPLE:   0.041479  -0.000082   -0.003718    0.000014
SAMPLE:   0.040402   0.007414    0.004882    0.000079
SAMPLE:   0.039505   0.002344   -0.009218    0.000090
SAMPLE:   0.038112  -0.002295    0.010815    0.000122
SAMPLE:   0.037401  -0.004267    0.001149    0.000020
SAMPLE:   0.037203   0.000624    0.001073    0.000002
SAMPLE:   0.034924   0.004397    0.005983    0.000055
SAMPLE:   0.036344   0.014191    0.000000    0.000201
SAMPLE:   0.033722   0.004397   -0.005983    0.000055
SAMPLE:   0.031494   0.000624   -0.001073    0.000002
SAMPLE:   0.031034  -0.004267   -0.001149    0.000020
SAMPLE:   0.030407  -0.002295   -0.010815    0.000122
SAMPLE:   0.027961   0.002344    0.009218    0.000090
SAMPLE:   0.023215   0.007414   -0.004882    0.000079
SAMPLE:   0.021883  -0.000082    0.003718    0.000014
SAMPLE:   0.019416   0.001018   -0.002014    0.000005
SAMPLE:   0.016211   0.006269   -0.006019    0.000076
SAMPLE:   0.012175   0.000935    0.016314    0.000267
SAMPLE:   0.011376   0.002244    0.005443    0.000035
SAMPLE:   0.007855  -0.003089   -0.003067    0.000019
SAMPLE:   0.005200  -0.012844   -0.015196    0.000396
SAMPLE:   0.003637   0.000179    0.006883    0.000047
SAMPLE:   0.002678  -0.010478   -0.011795    0.000249
SAMPLE:   0.002761  -0.001848    0.005293    0.000031
SAMPLE:   0.001167   0.010030    0.015109    0.000329
SAMPLE:   0.001505   0.009937    0.018695    0.000448
SAMPLE:   0.001383  -0.005730    0.003431    0.000045
SAMPLE:   0.001849   0.000870   -0.000712    0.000001
SAMPLE:   0.003738  -0.009724   -0.007538    0.000151
SAMPLE:   0.007111  -0.009993   -0.004231    0.000118
SAMPLE:   0.007638   0.006078   -0.002244    0.000042
SAMPLE:   0.009761  -0.009805    0.006487    0.000138
SAMPLE:   0.012339  -0.016257   -0.019105    0.000629
SAMPLE:   0.013251   0.008862    0.011814    0.000218
SAMPLE:   0.017497  -0.003855    0.009811    0.000111
SAMPLE:   0.019260   0.009835   -0.012836    0.000261
SAMPLE:   0.020546   0.008363   -0.004386    0.000089
SAMPLE:   0.023573  -0.006944    0.020951    0.000487
SAMPLE:   0.026093   0.003914   -0.006691    0.000060
SAMPLE:   0.027680   0.013962   -0.011624    0.000330
SAMPLE:   0.025813  -0.024132   -0.021380    0.001039
SAMPLE:   0.028430   0.022642    0.011697    0.000649
SAMPLE:   0.029452  -0.021803    0.009680    0.000569
SAMPLE:   0.030269   0.013770    0.009782    0.000285
SAMPLE:   0.029521   0.012706    0.008097    0.000227
SAMPLE:   0.029207  -0.006121   -0.010930    0.000157
SAMPLE:   0.028288  -0.004017   -0.024249    0.000604
SAMPLE:   0.026011   0.000922   -0.015357    0.000237
SAMPLE:   0.024396   0.003442   -0.031059    0.000976
SAMPLE:   0.024443  -0.002535   -0.009721    0.000101
SAMPLE:   0.020822   0.004477   -0.000197    0.000020
SAMPLE:   0.018770   0.004426   -0.008396    0.000090
SAMPLE:   0.016758  -0.006317    0.012707    0.000201
SAMPLE:   0.014656   0.006119   -0.016967    0.000325
SAMPLE:   0.012984   0.025334    0.002467    0.000648
SAMPLE:   0.010435  -0.017338   -0.007592    0.000358
SAMPLE:   0.009062   0.002354   -0.011789    0.000145
SAMPLE:   0.008229   0.011476    0.000007    0.000132
SAMPLE:   0.006896   0.005032   -0.021185    0.000474
SAMPLE:   0.005492  -0.000766    0.023537    0.000555
SAMPLE:   0.004373  -0.000388    0.023343    0.000545
SAMPLE:   0.004660   0.008272   -0.010412    0.000177
SAMPLE:   0.004383  -0.003519    0.003681    0.000026
SAMPLE:   0.004336   0.002056   -0.026593    0.000711
SAMPLE:   0.003618   0.000955   -0.013847    0.000193
SAMPLE:   0.002418   0.013657    0.005316    0.000215
SAMPLE:  -0.000346  -0.002467    0.014718    0.000223
SAMPLE:  -0.002349   0.008054   -0.015135    0.000294
SAMPLE:  -0.002488  -0.016173   -0.011468    0.000393
SAMPLE:  -0.005385  -0.005613   -0.006757    0.000077
SAMPLE:  -0.003864   0.001155    0.010964    0.000122
SAMPLE:  -0.006230   0.011750    0.006746    0.000184
SAMPLE:  -0.007585   0.014844    0.011050    0.000342
SAMPLE:  -0.010635  -0.008649   -0.001238    0.000076
SAMPLE:  -0.012354   0.015678   -0.011713    0.000383
SAMPLE:  -0.011347   0.029221   -0.007873    0.000916
SAMPLE:  -0.014442   0.002414   -0.008891    0.000085
SAMPLE:  -0.013425   0.026428    0.004559    0.000719
SAMPLE:  -0.015382  -0.000363   -0.009486    0.000090
SAMPLE:  -0.015292   0.012285    0.015827    0.000401
SAMPLE:  -0.016961  -0.007658   -0.004370    0.000078
SAMPLE:  -0.018853   0.002129   -0.004695    0.000027
SAMPLE:  -0.017920  -0.014087    0.005742    0.000231
SAMPLE:  -0.020839  -0.018858    0.006806    0.000402
SAMPLE:  -0.021682  -0.005515   -0.016078    0.000289
SAMPLE:  -0.022404   0.012922    0.001626    0.000170
SAMPLE:  -0.022902  -0.008857   -0.006894    0.000126
SAMPLE:  -0.026183   0.013453   -0.002960    0.000190
SAMPLE:  -0.025301   0.007258    0.008309    0.000122
SAMPLE:  -0.025908   0.017193    0.014670    0.000511
SAMPLE:  -0.026853   0.021165   -0.004118    0.000465
SAMPLE:  -0.026733   0.031510    0.002002    0.000997
SAMPLE:  -0.026700   0.000304    0.017332    0.000301
SAMPLE:  -0.025985   0.012811    0.011319    0.000292
SAMPLE:  -0.024392  -0.006248    0.001960    0.000043
SAMPLE:  -0.024545   0.007170   -0.020688    0.000479
SAMPLE:  -0.024726   0.001100   -0.005824    0.000035
SAMPLE:  -0.022199  -0.011445    0.015795    0.000380
SAMPLE:  -0.022578  -0.003144    0.011458    0.000141
SAMPLE:  -0.020561   0.007351    0.005682    0.000086
SAMPLE:  -0.018896   0.011633   -0.000707    0.000136
SAMPLE:  -0.016250   0.028520    0.015701    0.001060
SAMPLE:  -0.015696   0.033809   -0.023403    0.001691
SAMPLE:  -0.014870   0.004051   -0.008374    0.000087
SAMPLE:  -0.012730   0.010365    0.005708    0.000140
SAMPLE:  -0.011662  -0.029827    0.011661    0.001026
SAMPLE:  -0.009529  -0.011012   -0.013251    0.000297
SAMPLE:  -0.009475   0.007504    0.004955    0.000081
SAMPLE:  -0.008962   0.018471   -0.015599    0.000584
SAMPLE:  -0.009040   0.024803   -0.007042    0.000665
SAMPLE:  -0.006994   0.011888    0.015726    0.000389
SAMPLE:  -0.007529  -0.003325    0.000708    0.000012
SAMPLE:  -0.006599   0.018322    0.012642    0.000496
SAMPLE:  -0.006041   0.022660    0.009659    0.000607
SAMPLE:  -0.007208  -0.020050   -0.008371    0.000472
SAMPLE:  -0.006750   0.013629    0.019916    0.000582
SAMPLE:  -0.005625   0.005247    0.007127    0.000078
SAMPLE:  -0.007516  -0.003457    0.019501    0.000392
SAMPLE:  -0.008387   0.002048   -0.008691    0.000080
SAMPLE:  -0.009008  -0.012908    0.018810    0.000520
SAMPLE:  -0.009919   0.021167    0.017289    0.000747
SAMPLE:  -0.008850  -0.007167    0.005472    0.000081
SAMPLE:  -0.009680   0.000989    0.019849    0.000395
SAMPLE:  -0.008735  -0.004379   -0.007060    0.000069
SAMPLE:  -0.008452   0.005234    0.013320    0.000205
SAMPLE:  -0.008675  -0.007354   -0.000823    0.000055
SAMPLE:  -0.008815   0.021740   -0.005578    0.000504
SAMPLE:  -0.007824  -0.005870    0.005032    0.000060
SAMPLE:  -0.007620   0.006099   -0.004145    0.000054
SAMPLE:  -0.005780  -0.006949    0.001090    0.000049
SAMPLE:  -0.005419  -0.004270    0.006106    0.000056
SAMPLE:  -0.003887   0.005343    0.026467    0.000729
SAMPLE:  -0.004086  -0.017708    0.000685    0.000314
SAMPLE:  -0.003943   0.004379   -0.003798    0.000034
SAMPLE:  -0.001179  -0.010080   -0.002138    0.000106
SAMPLE:  -0.003679   0.002795    0.017917    0.000329
SAMPLE:  -0.003882  -0.007812   -0.029728    0.000945
SAMPLE:  -0.004433   0.002017    0.011070    0.000127
SAMPLE:  -0.005319  -0.011303    0.004639    0.000149
SAMPLE:  -0.006466   0.004012    0.007845    0.000078
SAMPLE:  -0.007790   0.001602    0.007630    0.000061
SAMPLE:  -0.008295   0.018405   -0.000801    0.000339
SAMPLE:  -0.009643  -0.017425    0.016601    0.000579
SAMPLE:  -0.009958  -0.016693    0.008423    0.000350
SAMPLE:  -0.010207   0.008416   -0.013517    0.000254
SAMPLE:  -0.011216   0.002597    0.002119    0.000011
SAMPLE:  -0.012486  -0.005000   -0.016004    0.000281
SAMPLE:  -0.012081   0.021410    0.026593    0.001166
SAMPLE:  -0.010517  -0.010992   -0.028726    0.000946
SAMPLE:  -0.010444  -0.002909   -0.007584    0.000066
SAMPLE:  -0.007891  -0.016409   -0.010106    0.000371
SAMPLE:  -0.006816  -0.013088    0.016876    0.000456
SAMPLE:  -0.006027  -0.000472   -0.000036    0.000000
SAMPLE:  -0.003979   0.017641    0.003969    0.000327
SAMPLE:  -0.000579  -0.017795    0.008123    0.000383
SAMPLE:   0.000589  -0.005920    0.019178    0.000403
SAMPLE:   0.002822   0.005084    0.030101    0.000932
SAMPLE:   0.004354   0.015178   -0.010976    0.000351
SAMPLE:   0.007700   0.016326    0.018676    0.000615
SAMPLE:   0.010745  -0.006122    0.006868    0.000085
SAMPLE:   0.012644  -0.002561    0.015890    0.000259
SAMPLE:   0.014749   0.008687   -0.019514    0.000456
SAMPLE:   0.018699  -0.007043   -0.000752    0.000050
SAMPLE:   0.021487   0.000035   -0.001434    0.000002
SAMPLE:   0.022743  -0.001382    0.008355    0.000072
SAMPLE:   0.026796   0.019733   -0.000625    0.000390
SAMPLE:   0.028119  -0.005870   -0.003895    0.000050
SAMPLE:   0.029544   0.008230   -0.016710    0.000347
SAMPLE:   0.030363  -0.009683   -0.008229    0.000161
SAMPLE:   0.031456   0.044053   -0.002243    0.001946
SAMPLE:   0.032449   0.020021    0.012677    0.000562
SAMPLE:   0.033203   0.018178    0.008998    0.000411
SAMPLE:   0.032606  -0.028225    0.007259    0.000849
SAMPLE:   0.031915  -0.004774    0.015585    0.000266
SAMPLE:   0.031103  -0.019934   -0.008947    0.000477
SAMPLE:   0.029417   0.021578    0.015383    0.000702
SAMPLE:   0.027616  -0.002879    0.007821    0.000069
SAMPLE:   0.026963  -0.007778   -0.000911    0.000061
SAMPLE:   0.025613  -0.005066    0.013046    0.000196
SAMPLE:   0.025423   0.007968    0.013578    0.000248
SAMPLE:   0.023875   0.014862    0.004727    0.000243
SAMPLE:   0.022436   0.001657    0.004934    0.000027
SAMPLE:   0.020237   0.021693    0.018099    0.000798
SAMPLE:   0.018516  -0.012459    0.004806    0.000178
SAMPLE:   0.017106   0.000748    0.003240    0.000011
SAMPLE:   0.015625   0.013813    0.020626    0.000616
SAMPLE:   0.013476   0.010341    0.009499    0.000197
SAMPLE:   0.011634  -0.021909    0.012784    0.000643
SAMPLE:   0.011193   0.005791    0.003187    0.000044
SAMPLE:   0.008929   0.008653    0.004435    0.000095
SAMPLE:   0.006293   0.004294    0.003421    0.000030
SAMPLE:   0.004056   0.017716    0.016784    0.000596
SAMPLE:   0.002154  -0.002906   -0.013855    0.000200
SAMPLE:   0.003218  -0.005705   -0.010771    0.000149
SAMPLE:   0.002272  -0.013266    0.028134    0.000968
SAMPLE:   0.002830   0.006702    0.002231    0.000050
SAMPLE:   0.002482   0.006058   -0.000997    0.000038
SAMPLE:   0.001288  -0.005091    0.010252    0.000131
SAMPLE:   0.003804  -0.013884    0.013236    0.000368
SAMPLE:   0.003032  -0.015575   -0.014049    0.000440
SAMPLE:   0.000540   0.004642    0.004998    0.000047
SAMPLE:   0.001674  -0.010390   -0.000580    0.000108
SAMPLE:   0.000208  -0.004635   -0.001392    0.000023
SAMPLE:   0.000277  -0.006756   -0.016057    0.000303
SAMPLE:  -0.001668  -0.024441    0.009644    0.000690
SAMPLE:  -0.002181   0.006260   -0.008317    0.000108
SAMPLE:  -0.002548   0.008057    0.021270    0.000517
SAMPLE:  -0.002864   0.000134   -0.006169    0.000038
SAMPLE:  -0.004168  -0.000489   -0.004864    0.000024
SAMPLE:  -0.006361  -0.006344    0.016952    0.000328
SAMPLE:  -0.004114   0.006453    0.020810    0.000475
SAMPLE:  -0.005176   0.011141   -0.013408    0.000304
SAMPLE:  -0.005946  -0.013693    0.019943    0.000585
SAMPLE:  -0.004890   0.009808    0.005636    0.000128
SAMPLE:  -0.004372  -0.001216    0.016817    0.000284
SAMPLE:  -0.003980  -0.006596   -0.008730    0.000120
SAMPLE:  -0.002069   0.011717    0.023831    0.000705
SAMPLE:  -0.003134  -0.002666    0.020317    0.000420
SAMPLE:  -0.001362   0.019269    0.007655    0.000430
SAMPLE:   0.000068  -0.000871    0.029096    0.000847
SAMPLE:   0.001130   0.006375   -0.012882    0.000207
SAMPLE:   0.002399  -0.007602    0.010594    0.000170
SAMPLE:   0.002729   0.008195   -0.014780    0.000286
SAMPLE:   0.004619   0.001751    0.011613    0.000138
SAMPLE:   0.005418  -0.013610    0.033036    0.001277
SAMPLE:   0.007709   0.020310   -0.012546    0.000570
SAMPLE:   0.008026   0.018367    0.010116    0.000440
SAMPLE:   0.009265   0.014315    0.005908    0.000240
SAMPLE:   0.012305  -0.004799    0.003776    0.000037
SAMPLE:   0.012702  -0.000320    0.032008    0.001025
SAMPLE:   0.013983   0.010132   -0.002553    0.000109
SAMPLE:   0.015354   0.029094    0.006830    0.000893
SAMPLE:   0.016584  -0.004382    0.025396    0.000664
SAMPLE:   0.018737  -0.010276    0.021286    0.000559
SAMPLE:   0.018904   0.001910    0.034122    0.001168
SAMPLE:   0.019993   0.019643   -0.006273    0.000425
SAMPLE:   0.019722   0.014611    0.010979    0.000334
SAMPLE:   0.021707  -0.002937    0.021230    0.000459
SAMPLE:   0.019271   0.018808   -0.003750    0.000368
SAMPLE:   0.019889  -0.033039    0.004829    0.001115
SAMPLE:   0.019327   0.003592    0.002997    0.000022
SAMPLE:   0.018121   0.014893   -0.002254    0.000227
SAMPLE:   0.017359   0.007016    0.041722    0.001790
SAMPLE:   0.016388   0.019390    0.004185    0.000393
SAMPLE:   0.015407  -0.003111   -0.008895    0.000089
SAMPLE:   0.013647   0.021476   -0.003974    0.000477
SAMPLE:   0.014682   0.005062    0.023225    0.000565
SAMPLE:   0.013618   0.006173   -0.015268    0.000271
SAMPLE:   0.011629  -0.012328    0.000628    0.000152
SAMPLE:   0.011935  -0.026735    0.036207    0.002026
SAMPLE:   0.010984  -0.029093    0.006925    0.000894
SAMPLE:   0.008598   0.009711    0.013200    0.000269
SAMPLE:   0.008080  -0.009361    0.000696    0.000088
SAMPLE:   0.005316   0.003389    0.012310    0.000163
SAMPLE:   0.004699   0.000457    0.002386    0.000006
SAMPLE:   0.003222   0.006628    0.007907    0.000106
SAMPLE:  -0.000425   0.006163   -0.022875    0.000561
SAMPLE:  -0.002291   0.004363    0.022369    0.000519
SAMPLE:  -0.003672   0.007970    0.009020    0.000145
SAMPLE:  -0.006943  -0.007018    0.030725    0.000993
SAMPLE:  -0.007122   0.012926    0.008942    0.000247
SAMPLE:  -0.011137  -0.014562   -0.004663    0.000234
SAMPLE:  -0.014200  -0.004060   -0.025094    0.000646
SAMPLE:  -0.014482  -0.007905    0.008976    0.000143
SAMPLE:  -0.016024  -0.033401    0.015323    0.001350
SAMPLE:  -0.017230  -0.007943    0.041837    0.001813
SAMPLE:  -0.018158  -0.034336    0.011343    0.001308
SAMPLE:  -0.017136   0.018739    0.028971    0.001190
SAMPLE:  -0.015680   0.076191    0.012214    0.005954
SAMPLE:  -0.014500   0.004685   -0.010357    0.000129
SAMPLE:  -0.013893  -0.032419   -0.013875    0.001243
SAMPLE:  -0.011146  -0.000826   -0.033032    0.001092
SAMPLE:  -0.010028   0.053349   -0.176466    0.033986
SAMPLE:  -0.007866  -0.018889    0.131051    0.017531
SAMPLE:  -0.005127   0.025776    0.023315    0.001208
SAMPLE:  -0.003474  -0.014547    0.053931    0.003120
SAMPLE:   0.002078  -0.040567    0.030447    0.002573
SAMPLE:   0.004022  -0.065074    0.039769    0.005816
SAMPLE:   0.006158  -0.000116    0.024654    0.000608
SAMPLE:   0.009709  -0.033760   -0.051891    0.003832
SAMPLE:   0.012597  -0.018823    0.070865    0.005376
SAMPLE:   0.015707  -0.049461    0.000068    0.002446
SAMPLE:   0.018732  -0.084363   -0.208309    0.050510
SAMPLE:   0.021391   0.002193    0.259471    0.067330
SAMPLE:   0.023159  -0.173908   -0.011202    0.030369
SAMPLE:   0.025247  -0.060730    0.427947    0.186827
SAMPLE:   0.026532   0.004140    0.318636    0.101546
SAMPLE:   0.027034   0.148312    0.914318    0.857974
SAMPLE:   0.028581  -0.055815   -0.384203    0.150727
SAMPLE:   0.028515   0.082885    0.054472    0.009837
SAMPLE:   0.027296   0.124423    0.402812    0.177738
SAMPLE:   0.026661  -0.634599   -0.346764    0.522962
SAMPLE:   0.025767  -0.946276    0.946753    1.791779
SAMPLE:   0.024331   0.364574   -0.717082    0.647121
SAMPLE:   0.022033  -0.497864   -0.144000    0.268604
SAMPLE:   0.020228  -0.265883   -0.418017    0.245431
SAMPLE:   0.015756   0.055896   -0.752681    0.569653
SAMPLE:   0.014494  -0.098950   -4.186103   17.533247
SAMPLE:   0.013211  -0.586146    0.486386    0.580138
SAMPLE:   0.011472  -0.510229    0.540675    0.552663
SAMPLE:   0.007406   0.411474    2.034806    4.309748
SAMPLE:   0.006501   1.253714   -1.221862    3.064745
SAMPLE:   0.004864  -1.671329   -1.298959    4.480636
SAMPLE:   0.000692   2.525270    2.016397   10.442844
SAMPLE:   0.001564  -2.318926   -0.009530    5.377509
SAMPLE:  -0.001952   2.613395   -0.333205    6.940857
SAMPLE:  -0.003121   0.409522   -2.249959    5.230026
